000001 00000000000000000001001100011100 00100011010010110010110100010101 平安银行
002310 00000000000000000000011100000010 00100011001100000010110100000101 *ST东园
002309 00000000000000000000001011110001 00100011001001110010110100101001 *ST中利
000506 00000000000000000000000001101111 00100000010100000010110100101010 *ST中润
300208 00000000000000000000010001100111 00100011001000010010110100100010 *ST中程
000609 00000000000000000000001010010010 00100011000110110010110100101000 *ST中迪
600462 00000000000000000000001100101111 00100001100110100010110010110000 *ST九有
000711 00000000000000000000001111110011 00100011010011000010110100101000 *ST京蓝
002336 00000000000000000000000111111010 00100011001011110010110010101110 *ST人乐
600289 00000000000000000000001000110100 00011100111101000010110100101000 *ST信通
603363 00000000000000000000001111000011 00100010101101100010110010110010 *ST傲农
300536 00000000000000000000010100110000 00100011001011100010110100101010 *ST农尚
600083 00000000000000000000000111010100 00011001011111110010110010110010 *ST博信
002217 00000000000000000000100010011101 00100011001100010010110100100111 *ST合泰
300108 00000000000000000000010110111101 00100011001011010010110100101010 *ST吉药
002052 00000000000000000000010010110001 00100011000100100010110100101010 *ST同洲
300506 00000000000000000000001110101010 00100011001010100010110100101010 *ST名家
000809 00000000000000000000000101100111 00011100111101000010110100100010 *ST和展
300117 00000000000000000000011100101010 00011110111000010010110100011110 *ST嘉寓
002586 00000000000000000000001000100100 00100011001011010010110010101010 *ST围海
603963 00000000000000000000000101001011 00011110100111100010110010111011 *ST大药
603608 00000000000000000000000011110110 00100011010110010010110010111100 *ST天创
002564 00000000000000000000010000011001 00100011001011100010110100100110 *ST天沃
603023 00000000000000000000001110111100 00100001100100000010110100100010 *ST威帝
600165 00000000000000000000010110000100 00011100111101000010110010010010 *ST宁科
600070 00000000000000000000000111101010 00100011001100010010110010110010 *ST富润
688282 00000000000000000000000000101010 00100011001100000010110100101000 *ST导航
000584 00000000000000000000001101100000 00100011001011100010110100100110 *ST工智
300338 00000000000000000000100100001010 00100011001011110010110100101000 *ST开元
300965 00000000000000000000000000011100 00100011011000010010110100101000 *ST恒宇
000622 00000000000000000000001011100011 00011100111101000010110100101010 *ST恒立
600715 00000000000000000000011000111011 00011101011100010010110010110011 *ST文投
300013 00000000000000000000010001110000 00100011001010010010110100101010 *ST新宁
000908 00000000000000000000100101101100 00100011001100000010110010110000 *ST景峰
300209 00000000000000000000001011100111 00100011001100000010110100011110 *ST有树
600375 00000000000000000000000110011111 00100000100111100010110100101010 *ST汉马
600387 00000000000000000000000101111001 00100000000010110010110010101100 *ST海越
600234 00000000000000000000000010111001 00100011000011000010110100101010 *ST科新
000525 00000000000000000000001100000011 00100011001100010010110010110010 *ST红阳
600898 00000000000000000000000100001000 00011110110111110010110010110010 *ST美讯
603007 00000000000000000000001001001100 00100011001100000010110100101000 *ST花王
002141 00000000000000000000010011011001 00100011010101100010110011111110 *ST贤丰
300167 00000000000000000000010011111110 00100011001101100010110100101010 *ST迪威
603559 00000000000000000000000010010000 00011101000001110010110100101010 *ST通脉
002951 00000000000000000000000010000001 00100011011000100010110100100110 *ST金时
000656 00000000000000000001011101110110 00100011001100010010110010110010 *ST金科
300020 00000000000000000000101010101010 00100010000100010010110100101010 *ST银江
300301 00000000000000000000010100000001 00100011001100000010110100101010 *ST长方
600804 00000000000000000000100001000100 00100000010101010010110010110001 *ST鹏博
603003 00000000000000000000000101100011 00100011001000100010110010110011 *ST龙宇
002750 00000000000000000000001010100010 00100010101101100010110100011001 *ST龙津
002742 00000000000000000000001001001110 00100010101101100010110100101010 ST三圣
002748 00000000000000000000000011011010 00100011011000010010110100101000 ST世龙
603377 00000000000000000000001011011000 00100011011010100010110100100110 ST东时
000889 00000000000000000000001110111001 00011110111001010010110010110010 ST中嘉
002092 00000000000000000000010011111111 00100011001000010010110100100010 ST中泰
600568 00000000000000000000001100101110 00100011000001010010110010101010 ST中珠
002822 00000000000000000000000100100011 00100011010110000010110100101010 ST中装
000989 00000000000000000000000111001111 00100011001011100010110100101010 ST九芝
002316 00000000000000000000010100101101 00100001110000110010110100011011 ST亚联
002200 00000000000000000000000001011001 00011111110101110010110100101010 ST交投
300268 00000000000000000000000011000010 00100011001011110010110100100000 ST佳沃
603388 00000000000000000000010011111011 00100001010100000010110011100011 ST元成
300163 00000000000000000000011001001000 00100011001100000010110100100000 ST先锋
002592 00000000000000000000000100010101 00100011001011010010110100101000 ST八菱
002425 00000000000000000000101010001101 00100011001011100010110100101010 ST凯文
002650 00000000000000000000000001000011 00100010101101010010110100101010 ST加加
002259 00000000000000000000000011010110 00011110101100100010110010101110 ST升达
600360 00000000000000000000100010011011 00100010111111010010110100101000 ST华微
002490 00000000000000000000001110110111 00100011010001010010110011011010 ST墨龙
300205 00000000000000000000001000011111 00100011001011100010110100011111 ST天喻
002872 00000000000000000000000010110110 00100011001011010010110100101010 ST天圣
300313 00000000000000000000000101110010 00100001010001000010110100101010 ST天山
002124 00000000000000000000100111110010 00100011001100000010110100011011 ST天邦
300029 00000000000000000000000011111000 00100001101111100010110100011110 ST天龙
002289 00000000000000000000000100011010 00100011001100000010110100011011 ST宇顺
300300 00000000000000000000100001001100 00100011001011110010110100100010 ST峡创
600603 00000000000000000000010000000110 00100001110000100010110100000011 ST广物
600831 00000000000000000000010000000001 00100011001100000010110100101001 ST广网
002005 00000000000000000000001111111010 00100001010001100010110100101000 ST德豪
002808 00000000000000000000000110111011 00100011001011110010110100100010 ST恒久
002168 00000000000000000000001111100101 00100011001100010010110010110010 ST惠程
002656 00000000000000000000001010101110 00100000010001100010110010110000 ST摩登
000909 00000000000000000000000111101000 00100011001100010010110010110010 ST数源
600777 00000000000000000001001010011001 00100000010101100010110100100010 ST新潮
000040 00000000000000000000110111010101 00100000010101000010110010110010 ST旭蓝
600136 00000000000000000000001100000010 00100010001101000010110010110010 ST明诚
002024 00000000000000000000011011110111 00100011001100010010110010111100 ST易购
600381 00000000000000000000001011011100 00011100111101000010110001111000 ST春天
603869 00000000000000000000000011101111 00100000001000110010110100101010 ST智知
600303 00000000000000000000001100101110 00011110101011000010110010110000 ST曙光
002569 00000000000000000000000001101010 00100011001100000010110100000001 ST步森
603879 00000000000000000000001010100101 00100011010001000010110100101010 ST永悦
300368 00000000000000000000010110001000 00100010101100110010110100100010 ST汇金
600608 00000000000000000000000101101111 00011010001100000010110100101010 ST沪科
300419 00000000000000000000010110101110 00100001110000100010110100100110 ST浩丰
002700 00000000000000000000000011100001 00100011001010100010110100101010 ST浩源
600599 00000000000000000000000001100010 00011100111101000010110011100111 ST熊猫
000070 00000000000000000000011101010011 00100011001010100010110100100010 ST特信
300600 00000000000000000000000100101010 00100011001011110010110100101001 ST瑞科
603959 00000000000000000000010111000111 00011101111011000010110010101110 ST百利
002424 00000000000000000000100011001101 00100011001011100010110100101001 ST百灵
600711 00000000000000000001010111011001 00100011010111110010110100100010 ST盛屯
600671 00000000000000000000000000111010 00001110100110010010110100101010 ST目药
000615 00000000000000000000010111001000 00100011001011110010110100101010 ST美谷
300125 00000000000000000000010011110110 00100011001011110010110100100111 ST聆达
600287 00000000000000000000000110010000 00100010101101100010110010110010 ST舜天
000752 00000000000000000000000100011101 00011110101100100010110100100010 ST西发
002197 00000000000000000000011110111000 00100011001100010010110100100010 ST证通
603557 00000000000000000000000101001110 00100011010110000010110100000000 ST起步
300555 00000000000000000000000010011101 00100011001100000010110100100000 ST路通
600365 00000000000000000000000101010010 00100011000011000010110100100010 ST通葡
002721 00000000000000000000001101111101 00100010000101010010110100101001 ST金一
000669 00000000000000000000001001101101 00011111110110010010110011001101 ST金鸿
600190 00000000000000000000001010110110 00100010111010010010101110111101 ST锦港
002485 00000000000000000000000100001011 00011111110110110010110100010001 ST雪发
000851 00000000000000000000100101000100 00100011001011010010110100101001 ST高鸿
300376 00000000000000000000011111001010 00100011001100000010110100101010 ST易事特
300096 00000000000000000000001101100011 00100011001011100010110100100000 ST易联众
603828 00000000000000000000001100000010 00100001110000100010110010110000 ST柯利达
002251 00000000000000000000011010010111 00100011000110010010110100100110 ST步步高
002528 00000000000000000000100011000100 00100011001100000010110100010011 ST英飞拓
900952 00000000000000000000000000011010 00100010111010010010101110111101 ST锦港Ｂ
